{
 "cells": [
  {
   "cell_type": "code",
   "execution_count": 18,
   "id": "95bd109f-1d3a-400d-abed-625a55d635b0",
   "metadata": {},
   "outputs": [
    {
     "ename": "ValueError",
     "evalue": "Cannot run multiple SparkContexts at once; existing SparkContext(app=MyApp, master=local[*]) created by __init__ at /var/folders/w_/hg905l611296df772h1275kr0000gn/T/ipykernel_3538/2170893724.py:18 ",
     "output_type": "error",
     "traceback": [
      "\u001b[0;31m---------------------------------------------------------------------------\u001b[0m",
      "\u001b[0;31mValueError\u001b[0m                                Traceback (most recent call last)",
      "Cell \u001b[0;32mIn[18], line 19\u001b[0m\n\u001b[1;32m     13\u001b[0m conf \u001b[38;5;241m=\u001b[39m SparkConf() \\\n\u001b[1;32m     14\u001b[0m     \u001b[38;5;241m.\u001b[39msetAppName(\u001b[38;5;124m\"\u001b[39m\u001b[38;5;124mMyApp\u001b[39m\u001b[38;5;124m\"\u001b[39m) \\\n\u001b[1;32m     15\u001b[0m     \u001b[38;5;241m.\u001b[39mset(\u001b[38;5;124m\"\u001b[39m\u001b[38;5;124mspark.driver.memory\u001b[39m\u001b[38;5;124m\"\u001b[39m, \u001b[38;5;124m\"\u001b[39m\u001b[38;5;124m8g\u001b[39m\u001b[38;5;124m\"\u001b[39m) \\\n\u001b[1;32m     16\u001b[0m     \u001b[38;5;241m.\u001b[39mset(\u001b[38;5;124m\"\u001b[39m\u001b[38;5;124mspark.executor.memory\u001b[39m\u001b[38;5;124m\"\u001b[39m, \u001b[38;5;124m\"\u001b[39m\u001b[38;5;124m8g\u001b[39m\u001b[38;5;124m\"\u001b[39m)\n\u001b[1;32m     18\u001b[0m \u001b[38;5;66;03m# SparkContextを作成\u001b[39;00m\n\u001b[0;32m---> 19\u001b[0m sc \u001b[38;5;241m=\u001b[39m \u001b[43mSparkContext\u001b[49m\u001b[43m(\u001b[49m\u001b[43mconf\u001b[49m\u001b[38;5;241;43m=\u001b[39;49m\u001b[43mconf\u001b[49m\u001b[43m)\u001b[49m\n\u001b[1;32m     20\u001b[0m spark \u001b[38;5;241m=\u001b[39m SparkSession(sc)\n",
      "File \u001b[0;32m~/ghq/github.com/mathmathpp2/synapselightgbm_trial/synapse-test/.venv/lib/python3.11/site-packages/pyspark/context.py:198\u001b[0m, in \u001b[0;36mSparkContext.__init__\u001b[0;34m(self, master, appName, sparkHome, pyFiles, environment, batchSize, serializer, conf, gateway, jsc, profiler_cls, udf_profiler_cls, memory_profiler_cls)\u001b[0m\n\u001b[1;32m    192\u001b[0m \u001b[38;5;28;01mif\u001b[39;00m gateway \u001b[38;5;129;01mis\u001b[39;00m \u001b[38;5;129;01mnot\u001b[39;00m \u001b[38;5;28;01mNone\u001b[39;00m \u001b[38;5;129;01mand\u001b[39;00m gateway\u001b[38;5;241m.\u001b[39mgateway_parameters\u001b[38;5;241m.\u001b[39mauth_token \u001b[38;5;129;01mis\u001b[39;00m \u001b[38;5;28;01mNone\u001b[39;00m:\n\u001b[1;32m    193\u001b[0m     \u001b[38;5;28;01mraise\u001b[39;00m \u001b[38;5;167;01mValueError\u001b[39;00m(\n\u001b[1;32m    194\u001b[0m         \u001b[38;5;124m\"\u001b[39m\u001b[38;5;124mYou are trying to pass an insecure Py4j gateway to Spark. This\u001b[39m\u001b[38;5;124m\"\u001b[39m\n\u001b[1;32m    195\u001b[0m         \u001b[38;5;124m\"\u001b[39m\u001b[38;5;124m is not allowed as it is a security risk.\u001b[39m\u001b[38;5;124m\"\u001b[39m\n\u001b[1;32m    196\u001b[0m     )\n\u001b[0;32m--> 198\u001b[0m \u001b[43mSparkContext\u001b[49m\u001b[38;5;241;43m.\u001b[39;49m\u001b[43m_ensure_initialized\u001b[49m\u001b[43m(\u001b[49m\u001b[38;5;28;43mself\u001b[39;49m\u001b[43m,\u001b[49m\u001b[43m \u001b[49m\u001b[43mgateway\u001b[49m\u001b[38;5;241;43m=\u001b[39;49m\u001b[43mgateway\u001b[49m\u001b[43m,\u001b[49m\u001b[43m \u001b[49m\u001b[43mconf\u001b[49m\u001b[38;5;241;43m=\u001b[39;49m\u001b[43mconf\u001b[49m\u001b[43m)\u001b[49m\n\u001b[1;32m    199\u001b[0m \u001b[38;5;28;01mtry\u001b[39;00m:\n\u001b[1;32m    200\u001b[0m     \u001b[38;5;28mself\u001b[39m\u001b[38;5;241m.\u001b[39m_do_init(\n\u001b[1;32m    201\u001b[0m         master,\n\u001b[1;32m    202\u001b[0m         appName,\n\u001b[0;32m   (...)\u001b[0m\n\u001b[1;32m    212\u001b[0m         memory_profiler_cls,\n\u001b[1;32m    213\u001b[0m     )\n",
      "File \u001b[0;32m~/ghq/github.com/mathmathpp2/synapselightgbm_trial/synapse-test/.venv/lib/python3.11/site-packages/pyspark/context.py:445\u001b[0m, in \u001b[0;36mSparkContext._ensure_initialized\u001b[0;34m(cls, instance, gateway, conf)\u001b[0m\n\u001b[1;32m    442\u001b[0m     callsite \u001b[38;5;241m=\u001b[39m SparkContext\u001b[38;5;241m.\u001b[39m_active_spark_context\u001b[38;5;241m.\u001b[39m_callsite\n\u001b[1;32m    444\u001b[0m     \u001b[38;5;66;03m# Raise error if there is already a running Spark context\u001b[39;00m\n\u001b[0;32m--> 445\u001b[0m     \u001b[38;5;28;01mraise\u001b[39;00m \u001b[38;5;167;01mValueError\u001b[39;00m(\n\u001b[1;32m    446\u001b[0m         \u001b[38;5;124m\"\u001b[39m\u001b[38;5;124mCannot run multiple SparkContexts at once; \u001b[39m\u001b[38;5;124m\"\u001b[39m\n\u001b[1;32m    447\u001b[0m         \u001b[38;5;124m\"\u001b[39m\u001b[38;5;124mexisting SparkContext(app=\u001b[39m\u001b[38;5;132;01m%s\u001b[39;00m\u001b[38;5;124m, master=\u001b[39m\u001b[38;5;132;01m%s\u001b[39;00m\u001b[38;5;124m)\u001b[39m\u001b[38;5;124m\"\u001b[39m\n\u001b[1;32m    448\u001b[0m         \u001b[38;5;124m\"\u001b[39m\u001b[38;5;124m created by \u001b[39m\u001b[38;5;132;01m%s\u001b[39;00m\u001b[38;5;124m at \u001b[39m\u001b[38;5;132;01m%s\u001b[39;00m\u001b[38;5;124m:\u001b[39m\u001b[38;5;132;01m%s\u001b[39;00m\u001b[38;5;124m \u001b[39m\u001b[38;5;124m\"\u001b[39m\n\u001b[1;32m    449\u001b[0m         \u001b[38;5;241m%\u001b[39m (\n\u001b[1;32m    450\u001b[0m             currentAppName,\n\u001b[1;32m    451\u001b[0m             currentMaster,\n\u001b[1;32m    452\u001b[0m             callsite\u001b[38;5;241m.\u001b[39mfunction,\n\u001b[1;32m    453\u001b[0m             callsite\u001b[38;5;241m.\u001b[39mfile,\n\u001b[1;32m    454\u001b[0m             callsite\u001b[38;5;241m.\u001b[39mlinenum,\n\u001b[1;32m    455\u001b[0m         )\n\u001b[1;32m    456\u001b[0m     )\n\u001b[1;32m    457\u001b[0m \u001b[38;5;28;01melse\u001b[39;00m:\n\u001b[1;32m    458\u001b[0m     SparkContext\u001b[38;5;241m.\u001b[39m_active_spark_context \u001b[38;5;241m=\u001b[39m instance\n",
      "\u001b[0;31mValueError\u001b[0m: Cannot run multiple SparkContexts at once; existing SparkContext(app=MyApp, master=local[*]) created by __init__ at /var/folders/w_/hg905l611296df772h1275kr0000gn/T/ipykernel_3538/2170893724.py:18 "
     ]
    }
   ],
   "source": [
    "from pyspark.sql import SparkSession\n",
    "from pyspark.sql.functions import udf, rand, col\n",
    "from pyspark.sql.types import StringType, IntegerType\n",
    "import random\n",
    "import pandas as pd\n",
    "import pyspark\n",
    "from datetime import datetime\n",
    "from pyspark import SparkConf, SparkContext\n",
    "from pyspark.sql import functions as F\n",
    "from pyspark.ml.feature import VectorAssembler\n",
    "\n",
    "# SparkConfを作成し、メモリ設定を行う\n",
    "conf = SparkConf() \\\n",
    "    .setAppName(\"MyApp\") \\\n",
    "    .set(\"spark.driver.memory\", \"8g\") \\\n",
    "    .set(\"spark.executor.memory\", \"8g\")\n",
    "\n",
    "# SparkContextを作成\n",
    "sc = SparkContext(conf=conf)\n",
    "spark = SparkSession(sc)"
   ]
  },
  {
   "cell_type": "code",
   "execution_count": 21,
   "id": "990695e0-c087-4e72-a10d-6a5bf3fb630e",
   "metadata": {},
   "outputs": [
    {
     "name": "stderr",
     "output_type": "stream",
     "text": [
      "[Stage 9:>                                                          (0 + 1) / 1]\r"
     ]
    },
    {
     "name": "stdout",
     "output_type": "stream",
     "text": [
      "+-----------+\n",
      "|   features|\n",
      "+-----------+\n",
      "|[37.0,33.0]|\n",
      "|[38.0,57.0]|\n",
      "|[40.0,17.0]|\n",
      "|[95.0,87.0]|\n",
      "|[21.0,37.0]|\n",
      "|[52.0,79.0]|\n",
      "| [1.0,77.0]|\n",
      "|[42.0,24.0]|\n",
      "|[75.0,89.0]|\n",
      "|[52.0,16.0]|\n",
      "+-----------+\n",
      "only showing top 10 rows\n",
      "\n"
     ]
    },
    {
     "name": "stderr",
     "output_type": "stream",
     "text": [
      "24/07/16 02:30:46 WARN PythonUDFRunner: Detected deadlock while completing task 0.0 in stage 9 (TID 37): Attempting to kill Python Worker\n",
      "                                                                                \r"
     ]
    }
   ],
   "source": [
    "# ランダムデータ生成\n",
    "\n",
    "def random_value1():\n",
    "    return random.randint(0, 100)\n",
    "\n",
    "def random_value2():\n",
    "    return random.randint(0, 100)\n",
    "\n",
    "# UDF（ユーザー定義関数）の登録\n",
    "random_value1_udf = udf(random_value1, IntegerType())\n",
    "random_value2_udf = udf(random_value2, IntegerType())\n",
    "\n",
    "# 空のDataFrameを作成\n",
    "df = spark.range(10000000).withColumn(\"id\", col(\"id\"))\n",
    "\n",
    "# 各カラムをランダム値で埋める\n",
    "df = df.withColumn(\"value1\", random_value1_udf())\n",
    "df = df.withColumn(\"value2\", random_value2_udf())\n",
    "\n",
    "# \"id\"カラムを削除して最終DataFrameにする\n",
    "df = df.drop(\"id\")\n",
    "\n",
    "assembler = VectorAssembler(inputCols=[\"value1\", \"value2\"], outputCol=\"features\")\n",
    "\n",
    "# VectorAssemblerを使って新しいデータフレームを変換\n",
    "df = assembler.transform(df)\n",
    "\n",
    "df = df.select(\"features\")\n",
    "\n",
    "# 結果を表示\n",
    "df.show(10)"
   ]
  },
  {
   "cell_type": "code",
   "execution_count": 22,
   "id": "2109271f-8f21-41fb-8218-1e3d49718bdc",
   "metadata": {},
   "outputs": [
    {
     "data": {
      "text/plain": [
       "pyspark.sql.dataframe.DataFrame"
      ]
     },
     "execution_count": 22,
     "metadata": {},
     "output_type": "execute_result"
    }
   ],
   "source": [
    "type(df)"
   ]
  },
  {
   "cell_type": "code",
   "execution_count": 27,
   "id": "9b89aebd-3209-4a56-9848-8eac3d3d4254",
   "metadata": {},
   "outputs": [
    {
     "name": "stderr",
     "output_type": "stream",
     "text": [
      "24/07/16 02:32:40 WARN CacheManager: Asked to cache already cached data.\n"
     ]
    }
   ],
   "source": [
    "df_sample = df.sample(fraction=0.001, seed=1).cache()"
   ]
  },
  {
   "cell_type": "code",
   "execution_count": 42,
   "id": "810a9350-a830-4844-b8c0-5600bf84ae2a",
   "metadata": {},
   "outputs": [],
   "source": [
    "# df_sample = transformed_data.sample(fraction=0.001, seed=1).cache()"
   ]
  },
  {
   "cell_type": "markdown",
   "id": "ada2c8a9-a021-41a7-a151-84a776d60d87",
   "metadata": {},
   "source": [
    "# Pandas Corr"
   ]
  },
  {
   "cell_type": "code",
   "execution_count": 31,
   "id": "a45f0dcd-541b-4b31-98ac-533ec52e0c88",
   "metadata": {},
   "outputs": [
    {
     "name": "stderr",
     "output_type": "stream",
     "text": [
      "/var/folders/w_/hg905l611296df772h1275kr0000gn/T/ipykernel_3538/1893691228.py:3: FutureWarning: The default value of numeric_only in DataFrame.corr is deprecated. In a future version, it will default to False. Select only valid columns or specify the value of numeric_only to silence this warning.\n",
      "  pdf_sample.corr()\n"
     ]
    },
    {
     "data": {
      "text/html": [
       "<div>\n",
       "<style scoped>\n",
       "    .dataframe tbody tr th:only-of-type {\n",
       "        vertical-align: middle;\n",
       "    }\n",
       "\n",
       "    .dataframe tbody tr th {\n",
       "        vertical-align: top;\n",
       "    }\n",
       "\n",
       "    .dataframe thead th {\n",
       "        text-align: right;\n",
       "    }\n",
       "</style>\n",
       "<table border=\"1\" class=\"dataframe\">\n",
       "  <thead>\n",
       "    <tr style=\"text-align: right;\">\n",
       "      <th></th>\n",
       "      <th>value1</th>\n",
       "      <th>value2</th>\n",
       "    </tr>\n",
       "  </thead>\n",
       "  <tbody>\n",
       "    <tr>\n",
       "      <th>value1</th>\n",
       "      <td>1.000000</td>\n",
       "      <td>0.011023</td>\n",
       "    </tr>\n",
       "    <tr>\n",
       "      <th>value2</th>\n",
       "      <td>0.011023</td>\n",
       "      <td>1.000000</td>\n",
       "    </tr>\n",
       "  </tbody>\n",
       "</table>\n",
       "</div>"
      ],
      "text/plain": [
       "          value1    value2\n",
       "value1  1.000000  0.011023\n",
       "value2  0.011023  1.000000"
      ]
     },
     "execution_count": 31,
     "metadata": {},
     "output_type": "execute_result"
    }
   ],
   "source": [
    "pdf_sample = df_sample.toPandas()\n",
    "pdf_sample[['value1', 'value2']] = pd.DataFrame(pdf_sample['features'].tolist(), index=pdf_sample.index)\n",
    "pdf_sample.corr()"
   ]
  },
  {
   "cell_type": "code",
   "execution_count": 41,
   "id": "683d516c-3fab-47e0-af75-59aeeb78e63c",
   "metadata": {},
   "outputs": [],
   "source": [
    "# pdf_sample = df_sample.toPandas()\n",
    "# pdf_sample[feature_attrs_flat] = pd.DataFrame(pdf_sample['features-dep'].tolist(), index=pdf_sample.index)\n",
    "# pdf_sample.corr()"
   ]
  },
  {
   "cell_type": "markdown",
   "id": "3a8670d2-426d-4c29-bc20-2ad7f8f61bc6",
   "metadata": {},
   "source": [
    "# PySpark Corr"
   ]
  },
  {
   "cell_type": "code",
   "execution_count": 32,
   "id": "4540df72-e428-4562-aa81-ce4f1ed8045c",
   "metadata": {},
   "outputs": [],
   "source": [
    "from pyspark.ml.stat import Correlation"
   ]
  },
  {
   "cell_type": "code",
   "execution_count": 38,
   "id": "a60ea957-42a1-4696-8377-3ff0336f38ba",
   "metadata": {},
   "outputs": [
    {
     "data": {
      "text/plain": [
       "DenseMatrix(2, 2, [1.0, 0.011, 0.011, 1.0], False)"
      ]
     },
     "execution_count": 38,
     "metadata": {},
     "output_type": "execute_result"
    }
   ],
   "source": [
    "Correlation.corr(df_sample, \"features\").head()[0]"
   ]
  },
  {
   "cell_type": "markdown",
   "id": "382c1169-56dd-4906-a25a-64338fc83b7e",
   "metadata": {},
   "source": [
    "# Corr test 1"
   ]
  },
  {
   "cell_type": "code",
   "execution_count": 59,
   "id": "302d1031-8440-40b7-ae3d-1d37f436913c",
   "metadata": {},
   "outputs": [],
   "source": [
    "# 色の数を設定\n",
    "num_colors = 20"
   ]
  },
  {
   "cell_type": "code",
   "execution_count": 61,
   "id": "fe57188e-2a2e-4b01-bd16-834ee0222c51",
   "metadata": {},
   "outputs": [
    {
     "data": {
      "text/html": [
       "<div>\n",
       "<style scoped>\n",
       "    .dataframe tbody tr th:only-of-type {\n",
       "        vertical-align: middle;\n",
       "    }\n",
       "\n",
       "    .dataframe tbody tr th {\n",
       "        vertical-align: top;\n",
       "    }\n",
       "\n",
       "    .dataframe thead th {\n",
       "        text-align: right;\n",
       "    }\n",
       "</style>\n",
       "<table border=\"1\" class=\"dataframe\">\n",
       "  <thead>\n",
       "    <tr style=\"text-align: right;\">\n",
       "      <th></th>\n",
       "      <th>color1</th>\n",
       "      <th>color2</th>\n",
       "      <th>color3</th>\n",
       "      <th>color4</th>\n",
       "      <th>color5</th>\n",
       "      <th>color6</th>\n",
       "      <th>color7</th>\n",
       "      <th>color8</th>\n",
       "      <th>color9</th>\n",
       "      <th>color10</th>\n",
       "      <th>color11</th>\n",
       "      <th>color12</th>\n",
       "      <th>color13</th>\n",
       "      <th>color14</th>\n",
       "      <th>color15</th>\n",
       "      <th>color16</th>\n",
       "      <th>color17</th>\n",
       "      <th>color18</th>\n",
       "      <th>color19</th>\n",
       "      <th>color20</th>\n",
       "    </tr>\n",
       "  </thead>\n",
       "  <tbody>\n",
       "    <tr>\n",
       "      <th>color1</th>\n",
       "      <td>1.000000</td>\n",
       "      <td>-0.857256</td>\n",
       "      <td>-0.261387</td>\n",
       "      <td>-0.077481</td>\n",
       "      <td>-0.079197</td>\n",
       "      <td>-0.080251</td>\n",
       "      <td>-0.078344</td>\n",
       "      <td>-0.079197</td>\n",
       "      <td>-0.075505</td>\n",
       "      <td>-0.071624</td>\n",
       "      <td>-0.080460</td>\n",
       "      <td>-0.076169</td>\n",
       "      <td>-0.071389</td>\n",
       "      <td>-0.073931</td>\n",
       "      <td>-0.079197</td>\n",
       "      <td>-0.079409</td>\n",
       "      <td>-0.073704</td>\n",
       "      <td>-0.080041</td>\n",
       "      <td>-0.068509</td>\n",
       "      <td>-0.081909</td>\n",
       "    </tr>\n",
       "    <tr>\n",
       "      <th>color2</th>\n",
       "      <td>-0.857256</td>\n",
       "      <td>1.000000</td>\n",
       "      <td>-0.066932</td>\n",
       "      <td>-0.019840</td>\n",
       "      <td>-0.020279</td>\n",
       "      <td>-0.020549</td>\n",
       "      <td>-0.020061</td>\n",
       "      <td>-0.020279</td>\n",
       "      <td>-0.019334</td>\n",
       "      <td>-0.018340</td>\n",
       "      <td>-0.020603</td>\n",
       "      <td>-0.019504</td>\n",
       "      <td>-0.018280</td>\n",
       "      <td>-0.018931</td>\n",
       "      <td>-0.020279</td>\n",
       "      <td>-0.020334</td>\n",
       "      <td>-0.018873</td>\n",
       "      <td>-0.020496</td>\n",
       "      <td>-0.017543</td>\n",
       "      <td>-0.020974</td>\n",
       "    </tr>\n",
       "    <tr>\n",
       "      <th>color3</th>\n",
       "      <td>-0.261387</td>\n",
       "      <td>-0.066932</td>\n",
       "      <td>1.000000</td>\n",
       "      <td>-0.006049</td>\n",
       "      <td>-0.006183</td>\n",
       "      <td>-0.006266</td>\n",
       "      <td>-0.006117</td>\n",
       "      <td>-0.006183</td>\n",
       "      <td>-0.005895</td>\n",
       "      <td>-0.005592</td>\n",
       "      <td>-0.006282</td>\n",
       "      <td>-0.005947</td>\n",
       "      <td>-0.005574</td>\n",
       "      <td>-0.005772</td>\n",
       "      <td>-0.006183</td>\n",
       "      <td>-0.006200</td>\n",
       "      <td>-0.005755</td>\n",
       "      <td>-0.006249</td>\n",
       "      <td>-0.005349</td>\n",
       "      <td>-0.006395</td>\n",
       "    </tr>\n",
       "    <tr>\n",
       "      <th>color4</th>\n",
       "      <td>-0.077481</td>\n",
       "      <td>-0.019840</td>\n",
       "      <td>-0.006049</td>\n",
       "      <td>1.000000</td>\n",
       "      <td>-0.001833</td>\n",
       "      <td>-0.001857</td>\n",
       "      <td>-0.001813</td>\n",
       "      <td>-0.001833</td>\n",
       "      <td>-0.001747</td>\n",
       "      <td>-0.001658</td>\n",
       "      <td>-0.001862</td>\n",
       "      <td>-0.001763</td>\n",
       "      <td>-0.001652</td>\n",
       "      <td>-0.001711</td>\n",
       "      <td>-0.001833</td>\n",
       "      <td>-0.001838</td>\n",
       "      <td>-0.001706</td>\n",
       "      <td>-0.001852</td>\n",
       "      <td>-0.001586</td>\n",
       "      <td>-0.001896</td>\n",
       "    </tr>\n",
       "    <tr>\n",
       "      <th>color5</th>\n",
       "      <td>-0.079197</td>\n",
       "      <td>-0.020279</td>\n",
       "      <td>-0.006183</td>\n",
       "      <td>-0.001833</td>\n",
       "      <td>1.000000</td>\n",
       "      <td>-0.001898</td>\n",
       "      <td>-0.001853</td>\n",
       "      <td>-0.001874</td>\n",
       "      <td>-0.001786</td>\n",
       "      <td>-0.001694</td>\n",
       "      <td>-0.001903</td>\n",
       "      <td>-0.001802</td>\n",
       "      <td>-0.001689</td>\n",
       "      <td>-0.001749</td>\n",
       "      <td>-0.001874</td>\n",
       "      <td>-0.001879</td>\n",
       "      <td>-0.001744</td>\n",
       "      <td>-0.001893</td>\n",
       "      <td>-0.001621</td>\n",
       "      <td>-0.001938</td>\n",
       "    </tr>\n",
       "    <tr>\n",
       "      <th>color6</th>\n",
       "      <td>-0.080251</td>\n",
       "      <td>-0.020549</td>\n",
       "      <td>-0.006266</td>\n",
       "      <td>-0.001857</td>\n",
       "      <td>-0.001898</td>\n",
       "      <td>1.000000</td>\n",
       "      <td>-0.001878</td>\n",
       "      <td>-0.001898</td>\n",
       "      <td>-0.001810</td>\n",
       "      <td>-0.001717</td>\n",
       "      <td>-0.001929</td>\n",
       "      <td>-0.001826</td>\n",
       "      <td>-0.001711</td>\n",
       "      <td>-0.001772</td>\n",
       "      <td>-0.001898</td>\n",
       "      <td>-0.001904</td>\n",
       "      <td>-0.001767</td>\n",
       "      <td>-0.001919</td>\n",
       "      <td>-0.001642</td>\n",
       "      <td>-0.001963</td>\n",
       "    </tr>\n",
       "    <tr>\n",
       "      <th>color7</th>\n",
       "      <td>-0.078344</td>\n",
       "      <td>-0.020061</td>\n",
       "      <td>-0.006117</td>\n",
       "      <td>-0.001813</td>\n",
       "      <td>-0.001853</td>\n",
       "      <td>-0.001878</td>\n",
       "      <td>1.000000</td>\n",
       "      <td>-0.001853</td>\n",
       "      <td>-0.001767</td>\n",
       "      <td>-0.001676</td>\n",
       "      <td>-0.001883</td>\n",
       "      <td>-0.001782</td>\n",
       "      <td>-0.001671</td>\n",
       "      <td>-0.001730</td>\n",
       "      <td>-0.001853</td>\n",
       "      <td>-0.001858</td>\n",
       "      <td>-0.001725</td>\n",
       "      <td>-0.001873</td>\n",
       "      <td>-0.001603</td>\n",
       "      <td>-0.001917</td>\n",
       "    </tr>\n",
       "    <tr>\n",
       "      <th>color8</th>\n",
       "      <td>-0.079197</td>\n",
       "      <td>-0.020279</td>\n",
       "      <td>-0.006183</td>\n",
       "      <td>-0.001833</td>\n",
       "      <td>-0.001874</td>\n",
       "      <td>-0.001898</td>\n",
       "      <td>-0.001853</td>\n",
       "      <td>1.000000</td>\n",
       "      <td>-0.001786</td>\n",
       "      <td>-0.001694</td>\n",
       "      <td>-0.001903</td>\n",
       "      <td>-0.001802</td>\n",
       "      <td>-0.001689</td>\n",
       "      <td>-0.001749</td>\n",
       "      <td>-0.001874</td>\n",
       "      <td>-0.001879</td>\n",
       "      <td>-0.001744</td>\n",
       "      <td>-0.001893</td>\n",
       "      <td>-0.001621</td>\n",
       "      <td>-0.001938</td>\n",
       "    </tr>\n",
       "    <tr>\n",
       "      <th>color9</th>\n",
       "      <td>-0.075505</td>\n",
       "      <td>-0.019334</td>\n",
       "      <td>-0.005895</td>\n",
       "      <td>-0.001747</td>\n",
       "      <td>-0.001786</td>\n",
       "      <td>-0.001810</td>\n",
       "      <td>-0.001767</td>\n",
       "      <td>-0.001786</td>\n",
       "      <td>1.000000</td>\n",
       "      <td>-0.001615</td>\n",
       "      <td>-0.001815</td>\n",
       "      <td>-0.001718</td>\n",
       "      <td>-0.001610</td>\n",
       "      <td>-0.001667</td>\n",
       "      <td>-0.001786</td>\n",
       "      <td>-0.001791</td>\n",
       "      <td>-0.001662</td>\n",
       "      <td>-0.001805</td>\n",
       "      <td>-0.001545</td>\n",
       "      <td>-0.001847</td>\n",
       "    </tr>\n",
       "    <tr>\n",
       "      <th>color10</th>\n",
       "      <td>-0.071624</td>\n",
       "      <td>-0.018340</td>\n",
       "      <td>-0.005592</td>\n",
       "      <td>-0.001658</td>\n",
       "      <td>-0.001694</td>\n",
       "      <td>-0.001717</td>\n",
       "      <td>-0.001676</td>\n",
       "      <td>-0.001694</td>\n",
       "      <td>-0.001615</td>\n",
       "      <td>1.000000</td>\n",
       "      <td>-0.001721</td>\n",
       "      <td>-0.001630</td>\n",
       "      <td>-0.001527</td>\n",
       "      <td>-0.001582</td>\n",
       "      <td>-0.001694</td>\n",
       "      <td>-0.001699</td>\n",
       "      <td>-0.001577</td>\n",
       "      <td>-0.001712</td>\n",
       "      <td>-0.001466</td>\n",
       "      <td>-0.001752</td>\n",
       "    </tr>\n",
       "    <tr>\n",
       "      <th>color11</th>\n",
       "      <td>-0.080460</td>\n",
       "      <td>-0.020603</td>\n",
       "      <td>-0.006282</td>\n",
       "      <td>-0.001862</td>\n",
       "      <td>-0.001903</td>\n",
       "      <td>-0.001929</td>\n",
       "      <td>-0.001883</td>\n",
       "      <td>-0.001903</td>\n",
       "      <td>-0.001815</td>\n",
       "      <td>-0.001721</td>\n",
       "      <td>1.000000</td>\n",
       "      <td>-0.001831</td>\n",
       "      <td>-0.001716</td>\n",
       "      <td>-0.001777</td>\n",
       "      <td>-0.001903</td>\n",
       "      <td>-0.001908</td>\n",
       "      <td>-0.001771</td>\n",
       "      <td>-0.001924</td>\n",
       "      <td>-0.001647</td>\n",
       "      <td>-0.001969</td>\n",
       "    </tr>\n",
       "    <tr>\n",
       "      <th>color12</th>\n",
       "      <td>-0.076169</td>\n",
       "      <td>-0.019504</td>\n",
       "      <td>-0.005947</td>\n",
       "      <td>-0.001763</td>\n",
       "      <td>-0.001802</td>\n",
       "      <td>-0.001826</td>\n",
       "      <td>-0.001782</td>\n",
       "      <td>-0.001802</td>\n",
       "      <td>-0.001718</td>\n",
       "      <td>-0.001630</td>\n",
       "      <td>-0.001831</td>\n",
       "      <td>1.000000</td>\n",
       "      <td>-0.001624</td>\n",
       "      <td>-0.001682</td>\n",
       "      <td>-0.001802</td>\n",
       "      <td>-0.001807</td>\n",
       "      <td>-0.001677</td>\n",
       "      <td>-0.001821</td>\n",
       "      <td>-0.001559</td>\n",
       "      <td>-0.001864</td>\n",
       "    </tr>\n",
       "    <tr>\n",
       "      <th>color13</th>\n",
       "      <td>-0.071389</td>\n",
       "      <td>-0.018280</td>\n",
       "      <td>-0.005574</td>\n",
       "      <td>-0.001652</td>\n",
       "      <td>-0.001689</td>\n",
       "      <td>-0.001711</td>\n",
       "      <td>-0.001671</td>\n",
       "      <td>-0.001689</td>\n",
       "      <td>-0.001610</td>\n",
       "      <td>-0.001527</td>\n",
       "      <td>-0.001716</td>\n",
       "      <td>-0.001624</td>\n",
       "      <td>1.000000</td>\n",
       "      <td>-0.001577</td>\n",
       "      <td>-0.001689</td>\n",
       "      <td>-0.001693</td>\n",
       "      <td>-0.001572</td>\n",
       "      <td>-0.001707</td>\n",
       "      <td>-0.001461</td>\n",
       "      <td>-0.001747</td>\n",
       "    </tr>\n",
       "    <tr>\n",
       "      <th>color14</th>\n",
       "      <td>-0.073931</td>\n",
       "      <td>-0.018931</td>\n",
       "      <td>-0.005772</td>\n",
       "      <td>-0.001711</td>\n",
       "      <td>-0.001749</td>\n",
       "      <td>-0.001772</td>\n",
       "      <td>-0.001730</td>\n",
       "      <td>-0.001749</td>\n",
       "      <td>-0.001667</td>\n",
       "      <td>-0.001582</td>\n",
       "      <td>-0.001777</td>\n",
       "      <td>-0.001682</td>\n",
       "      <td>-0.001577</td>\n",
       "      <td>1.000000</td>\n",
       "      <td>-0.001749</td>\n",
       "      <td>-0.001754</td>\n",
       "      <td>-0.001628</td>\n",
       "      <td>-0.001768</td>\n",
       "      <td>-0.001513</td>\n",
       "      <td>-0.001809</td>\n",
       "    </tr>\n",
       "    <tr>\n",
       "      <th>color15</th>\n",
       "      <td>-0.079197</td>\n",
       "      <td>-0.020279</td>\n",
       "      <td>-0.006183</td>\n",
       "      <td>-0.001833</td>\n",
       "      <td>-0.001874</td>\n",
       "      <td>-0.001898</td>\n",
       "      <td>-0.001853</td>\n",
       "      <td>-0.001874</td>\n",
       "      <td>-0.001786</td>\n",
       "      <td>-0.001694</td>\n",
       "      <td>-0.001903</td>\n",
       "      <td>-0.001802</td>\n",
       "      <td>-0.001689</td>\n",
       "      <td>-0.001749</td>\n",
       "      <td>1.000000</td>\n",
       "      <td>-0.001879</td>\n",
       "      <td>-0.001744</td>\n",
       "      <td>-0.001893</td>\n",
       "      <td>-0.001621</td>\n",
       "      <td>-0.001938</td>\n",
       "    </tr>\n",
       "    <tr>\n",
       "      <th>color16</th>\n",
       "      <td>-0.079409</td>\n",
       "      <td>-0.020334</td>\n",
       "      <td>-0.006200</td>\n",
       "      <td>-0.001838</td>\n",
       "      <td>-0.001879</td>\n",
       "      <td>-0.001904</td>\n",
       "      <td>-0.001858</td>\n",
       "      <td>-0.001879</td>\n",
       "      <td>-0.001791</td>\n",
       "      <td>-0.001699</td>\n",
       "      <td>-0.001908</td>\n",
       "      <td>-0.001807</td>\n",
       "      <td>-0.001693</td>\n",
       "      <td>-0.001754</td>\n",
       "      <td>-0.001879</td>\n",
       "      <td>1.000000</td>\n",
       "      <td>-0.001748</td>\n",
       "      <td>-0.001899</td>\n",
       "      <td>-0.001625</td>\n",
       "      <td>-0.001943</td>\n",
       "    </tr>\n",
       "    <tr>\n",
       "      <th>color17</th>\n",
       "      <td>-0.073704</td>\n",
       "      <td>-0.018873</td>\n",
       "      <td>-0.005755</td>\n",
       "      <td>-0.001706</td>\n",
       "      <td>-0.001744</td>\n",
       "      <td>-0.001767</td>\n",
       "      <td>-0.001725</td>\n",
       "      <td>-0.001744</td>\n",
       "      <td>-0.001662</td>\n",
       "      <td>-0.001577</td>\n",
       "      <td>-0.001771</td>\n",
       "      <td>-0.001677</td>\n",
       "      <td>-0.001572</td>\n",
       "      <td>-0.001628</td>\n",
       "      <td>-0.001744</td>\n",
       "      <td>-0.001748</td>\n",
       "      <td>1.000000</td>\n",
       "      <td>-0.001762</td>\n",
       "      <td>-0.001508</td>\n",
       "      <td>-0.001803</td>\n",
       "    </tr>\n",
       "    <tr>\n",
       "      <th>color18</th>\n",
       "      <td>-0.080041</td>\n",
       "      <td>-0.020496</td>\n",
       "      <td>-0.006249</td>\n",
       "      <td>-0.001852</td>\n",
       "      <td>-0.001893</td>\n",
       "      <td>-0.001919</td>\n",
       "      <td>-0.001873</td>\n",
       "      <td>-0.001893</td>\n",
       "      <td>-0.001805</td>\n",
       "      <td>-0.001712</td>\n",
       "      <td>-0.001924</td>\n",
       "      <td>-0.001821</td>\n",
       "      <td>-0.001707</td>\n",
       "      <td>-0.001768</td>\n",
       "      <td>-0.001893</td>\n",
       "      <td>-0.001899</td>\n",
       "      <td>-0.001762</td>\n",
       "      <td>1.000000</td>\n",
       "      <td>-0.001638</td>\n",
       "      <td>-0.001958</td>\n",
       "    </tr>\n",
       "    <tr>\n",
       "      <th>color19</th>\n",
       "      <td>-0.068509</td>\n",
       "      <td>-0.017543</td>\n",
       "      <td>-0.005349</td>\n",
       "      <td>-0.001586</td>\n",
       "      <td>-0.001621</td>\n",
       "      <td>-0.001642</td>\n",
       "      <td>-0.001603</td>\n",
       "      <td>-0.001621</td>\n",
       "      <td>-0.001545</td>\n",
       "      <td>-0.001466</td>\n",
       "      <td>-0.001647</td>\n",
       "      <td>-0.001559</td>\n",
       "      <td>-0.001461</td>\n",
       "      <td>-0.001513</td>\n",
       "      <td>-0.001621</td>\n",
       "      <td>-0.001625</td>\n",
       "      <td>-0.001508</td>\n",
       "      <td>-0.001638</td>\n",
       "      <td>1.000000</td>\n",
       "      <td>-0.001676</td>\n",
       "    </tr>\n",
       "    <tr>\n",
       "      <th>color20</th>\n",
       "      <td>-0.081909</td>\n",
       "      <td>-0.020974</td>\n",
       "      <td>-0.006395</td>\n",
       "      <td>-0.001896</td>\n",
       "      <td>-0.001938</td>\n",
       "      <td>-0.001963</td>\n",
       "      <td>-0.001917</td>\n",
       "      <td>-0.001938</td>\n",
       "      <td>-0.001847</td>\n",
       "      <td>-0.001752</td>\n",
       "      <td>-0.001969</td>\n",
       "      <td>-0.001864</td>\n",
       "      <td>-0.001747</td>\n",
       "      <td>-0.001809</td>\n",
       "      <td>-0.001938</td>\n",
       "      <td>-0.001943</td>\n",
       "      <td>-0.001803</td>\n",
       "      <td>-0.001958</td>\n",
       "      <td>-0.001676</td>\n",
       "      <td>1.000000</td>\n",
       "    </tr>\n",
       "  </tbody>\n",
       "</table>\n",
       "</div>"
      ],
      "text/plain": [
       "           color1    color2    color3    color4    color5    color6    color7  \\\n",
       "color1   1.000000 -0.857256 -0.261387 -0.077481 -0.079197 -0.080251 -0.078344   \n",
       "color2  -0.857256  1.000000 -0.066932 -0.019840 -0.020279 -0.020549 -0.020061   \n",
       "color3  -0.261387 -0.066932  1.000000 -0.006049 -0.006183 -0.006266 -0.006117   \n",
       "color4  -0.077481 -0.019840 -0.006049  1.000000 -0.001833 -0.001857 -0.001813   \n",
       "color5  -0.079197 -0.020279 -0.006183 -0.001833  1.000000 -0.001898 -0.001853   \n",
       "color6  -0.080251 -0.020549 -0.006266 -0.001857 -0.001898  1.000000 -0.001878   \n",
       "color7  -0.078344 -0.020061 -0.006117 -0.001813 -0.001853 -0.001878  1.000000   \n",
       "color8  -0.079197 -0.020279 -0.006183 -0.001833 -0.001874 -0.001898 -0.001853   \n",
       "color9  -0.075505 -0.019334 -0.005895 -0.001747 -0.001786 -0.001810 -0.001767   \n",
       "color10 -0.071624 -0.018340 -0.005592 -0.001658 -0.001694 -0.001717 -0.001676   \n",
       "color11 -0.080460 -0.020603 -0.006282 -0.001862 -0.001903 -0.001929 -0.001883   \n",
       "color12 -0.076169 -0.019504 -0.005947 -0.001763 -0.001802 -0.001826 -0.001782   \n",
       "color13 -0.071389 -0.018280 -0.005574 -0.001652 -0.001689 -0.001711 -0.001671   \n",
       "color14 -0.073931 -0.018931 -0.005772 -0.001711 -0.001749 -0.001772 -0.001730   \n",
       "color15 -0.079197 -0.020279 -0.006183 -0.001833 -0.001874 -0.001898 -0.001853   \n",
       "color16 -0.079409 -0.020334 -0.006200 -0.001838 -0.001879 -0.001904 -0.001858   \n",
       "color17 -0.073704 -0.018873 -0.005755 -0.001706 -0.001744 -0.001767 -0.001725   \n",
       "color18 -0.080041 -0.020496 -0.006249 -0.001852 -0.001893 -0.001919 -0.001873   \n",
       "color19 -0.068509 -0.017543 -0.005349 -0.001586 -0.001621 -0.001642 -0.001603   \n",
       "color20 -0.081909 -0.020974 -0.006395 -0.001896 -0.001938 -0.001963 -0.001917   \n",
       "\n",
       "           color8    color9   color10   color11   color12   color13   color14  \\\n",
       "color1  -0.079197 -0.075505 -0.071624 -0.080460 -0.076169 -0.071389 -0.073931   \n",
       "color2  -0.020279 -0.019334 -0.018340 -0.020603 -0.019504 -0.018280 -0.018931   \n",
       "color3  -0.006183 -0.005895 -0.005592 -0.006282 -0.005947 -0.005574 -0.005772   \n",
       "color4  -0.001833 -0.001747 -0.001658 -0.001862 -0.001763 -0.001652 -0.001711   \n",
       "color5  -0.001874 -0.001786 -0.001694 -0.001903 -0.001802 -0.001689 -0.001749   \n",
       "color6  -0.001898 -0.001810 -0.001717 -0.001929 -0.001826 -0.001711 -0.001772   \n",
       "color7  -0.001853 -0.001767 -0.001676 -0.001883 -0.001782 -0.001671 -0.001730   \n",
       "color8   1.000000 -0.001786 -0.001694 -0.001903 -0.001802 -0.001689 -0.001749   \n",
       "color9  -0.001786  1.000000 -0.001615 -0.001815 -0.001718 -0.001610 -0.001667   \n",
       "color10 -0.001694 -0.001615  1.000000 -0.001721 -0.001630 -0.001527 -0.001582   \n",
       "color11 -0.001903 -0.001815 -0.001721  1.000000 -0.001831 -0.001716 -0.001777   \n",
       "color12 -0.001802 -0.001718 -0.001630 -0.001831  1.000000 -0.001624 -0.001682   \n",
       "color13 -0.001689 -0.001610 -0.001527 -0.001716 -0.001624  1.000000 -0.001577   \n",
       "color14 -0.001749 -0.001667 -0.001582 -0.001777 -0.001682 -0.001577  1.000000   \n",
       "color15 -0.001874 -0.001786 -0.001694 -0.001903 -0.001802 -0.001689 -0.001749   \n",
       "color16 -0.001879 -0.001791 -0.001699 -0.001908 -0.001807 -0.001693 -0.001754   \n",
       "color17 -0.001744 -0.001662 -0.001577 -0.001771 -0.001677 -0.001572 -0.001628   \n",
       "color18 -0.001893 -0.001805 -0.001712 -0.001924 -0.001821 -0.001707 -0.001768   \n",
       "color19 -0.001621 -0.001545 -0.001466 -0.001647 -0.001559 -0.001461 -0.001513   \n",
       "color20 -0.001938 -0.001847 -0.001752 -0.001969 -0.001864 -0.001747 -0.001809   \n",
       "\n",
       "          color15   color16   color17   color18   color19   color20  \n",
       "color1  -0.079197 -0.079409 -0.073704 -0.080041 -0.068509 -0.081909  \n",
       "color2  -0.020279 -0.020334 -0.018873 -0.020496 -0.017543 -0.020974  \n",
       "color3  -0.006183 -0.006200 -0.005755 -0.006249 -0.005349 -0.006395  \n",
       "color4  -0.001833 -0.001838 -0.001706 -0.001852 -0.001586 -0.001896  \n",
       "color5  -0.001874 -0.001879 -0.001744 -0.001893 -0.001621 -0.001938  \n",
       "color6  -0.001898 -0.001904 -0.001767 -0.001919 -0.001642 -0.001963  \n",
       "color7  -0.001853 -0.001858 -0.001725 -0.001873 -0.001603 -0.001917  \n",
       "color8  -0.001874 -0.001879 -0.001744 -0.001893 -0.001621 -0.001938  \n",
       "color9  -0.001786 -0.001791 -0.001662 -0.001805 -0.001545 -0.001847  \n",
       "color10 -0.001694 -0.001699 -0.001577 -0.001712 -0.001466 -0.001752  \n",
       "color11 -0.001903 -0.001908 -0.001771 -0.001924 -0.001647 -0.001969  \n",
       "color12 -0.001802 -0.001807 -0.001677 -0.001821 -0.001559 -0.001864  \n",
       "color13 -0.001689 -0.001693 -0.001572 -0.001707 -0.001461 -0.001747  \n",
       "color14 -0.001749 -0.001754 -0.001628 -0.001768 -0.001513 -0.001809  \n",
       "color15  1.000000 -0.001879 -0.001744 -0.001893 -0.001621 -0.001938  \n",
       "color16 -0.001879  1.000000 -0.001748 -0.001899 -0.001625 -0.001943  \n",
       "color17 -0.001744 -0.001748  1.000000 -0.001762 -0.001508 -0.001803  \n",
       "color18 -0.001893 -0.001899 -0.001762  1.000000 -0.001638 -0.001958  \n",
       "color19 -0.001621 -0.001625 -0.001508 -0.001638  1.000000 -0.001676  \n",
       "color20 -0.001938 -0.001943 -0.001803 -0.001958 -0.001676  1.000000  "
      ]
     },
     "execution_count": 61,
     "metadata": {},
     "output_type": "execute_result"
    }
   ],
   "source": [
    "import pandas as pd\n",
    "import numpy as np\n",
    "\n",
    "# データ数の設定\n",
    "num_records = 100000\n",
    "\n",
    "colors = [f'color{i+1}' for i in range(num_colors)]\n",
    "\n",
    "# 各色の割合\n",
    "ratios = {\n",
    "    'color1': 0.77,\n",
    "    'color2': 0.18,\n",
    "    'color3': 0.02,\n",
    "    'others': 0.03,\n",
    "}\n",
    "\n",
    "# データの初期化\n",
    "data = {color: [0] * num_records for color in colors}\n",
    "\n",
    "# 色の割り当て\n",
    "np.random.seed(42)  # 再現性のためにシードを固定\n",
    "assignments = (\n",
    "    ['color1'] * int(num_records * ratios['color1']) +\n",
    "    ['color2'] * int(num_records * ratios['color2']) +\n",
    "    ['color3'] * int(num_records * ratios['color3']) +\n",
    "    np.random.choice([color for color in colors if color not in ['color1', 'color2', 'color3']],\n",
    "                     int(num_records * ratios['others']), replace=True).tolist()\n",
    ")\n",
    "np.random.shuffle(assignments)\n",
    "\n",
    "for i, color in enumerate(assignments):\n",
    "    data[color][i] = 1\n",
    "\n",
    "# DataFrameの作成\n",
    "df = pd.DataFrame(data)\n",
    "\n",
    "# 相関係数の計算\n",
    "correlation_matrix = df.corr()\n",
    "correlation_matrix"
   ]
  },
  {
   "cell_type": "markdown",
   "id": "3ec7b30d-8350-4a10-a513-08c50b261899",
   "metadata": {},
   "source": [
    "# Corr test 2"
   ]
  },
  {
   "cell_type": "code",
   "execution_count": 83,
   "id": "3b1dbd11-1916-48a5-985e-5cbf906faec0",
   "metadata": {},
   "outputs": [],
   "source": [
    "# corr = covariance(XY) / (std(X) * std(Y))\n",
    "\n",
    "# covariance 減る -> corr 減る\n",
    "# std(X) and/or std(Y) 増える -> corr 減る\n",
    "\n",
    "# => 全レコード数に対する X(color1), Y(color2) の1の割合が減るほど corr は下がる"
   ]
  },
  {
   "cell_type": "code",
   "execution_count": 82,
   "id": "13c1cd1b-acea-40b4-a55e-80e207c9ccf8",
   "metadata": {},
   "outputs": [
    {
     "data": {
      "text/html": [
       "<div>\n",
       "<style scoped>\n",
       "    .dataframe tbody tr th:only-of-type {\n",
       "        vertical-align: middle;\n",
       "    }\n",
       "\n",
       "    .dataframe tbody tr th {\n",
       "        vertical-align: top;\n",
       "    }\n",
